0.38920056114384893
0.4668918607354988
0.25383542004028725
0.14366999799935498
0.673618957331531
0.1558791092086247
0.11323674757987656
0.10023254637098167
0.654197119389187
0.29809389107017537
0.3895867377037947
0.22783247628502945
0.29386569460339595
0.8206934061438185
0.3935173795539475
0.8590815812286998
0.8408385993368965
0.006478821687656344
0.10091232116488458
0.6704632476294655
0.45361086709629217
0.5726808914465822
0.5162200893907212
0.28853547044634964
0.17619749197734524
0.9246024517036087
0.826037288156104
0.052974035741662595
0.06254888303988748
0.11268644575409414
0.17024126391326178
0.062335353852397635
0.3641698994479621
0.5693447084953929
0.09277925687943944
0.9469601244576871
0.8228412534692398
0.9802783990832851
0.0004551732160966715
0.07352139051348061
0.32444029322157775
0.026045151084263196
0.42511994706059086
0.03828783001111869
0.09183925460802
0.03219850033556648
0.3817775897168272
0.6881970434286676
0.08903549875754657
0.6335693462258023
0.001167490147564898
0.21547771119437864
0.03681133122691871
0.04011855443845347
0.05136385678901867
0.6429232323115566
0.7454566613953808
0.902215235255457
0.5427760527056158
0.3843262720942602
0.41251087858582847
0.5014998263787549
0.4298938160621051
0.56659121560874
0.9217379597603714
0.12728673829660386
0.5557853846932241
0.9068220240868341
0.25181274990395397
0.01348255830153322
0.4693236404609352
0.8930641406102038
0.08672073573567207
0.003961475397122216
0.5378093870830645
0.008141633061958808
0.33958371000636145
0.0054362122613103026
0.2882306399933965
0.2735493102087636
0.4031195211042299
0.7372561149838865
0.058970043805123495
0.049213330394102694
0.17953200984007922
0.11686938137611502
0.9085590568411207
0.17768811265747986
0.055139876913950614
0.6714844261026558
0.002225242150160067
0.3408829143058294
0.15755010969610628
0.7353454689978778
0.0058237834429162305
0.12623365440762901
0.06525235650563554
0.658937279783901
0.7329156336076006
0.03820681835965034
0.02106926390992281
0.08683079826804074
0.018315867550324105
0.7695669112806149
0.05043655621069543
0.45163609776373903
0.006546240443425777
0.2244405152111586
1.1102230246251565e-15
0.3745387142299166
0.4729972519973602
0.3454635279195606
0.3604527426134527
0.009692334404259872
0.33196672279247424
0.7312078633638339
0.2888011799520356
0.5988212913922721
0.5242391089189803
0.8737872965872454
