0.1050596595580704
0.30237348566112665
0.44263639835671054
0.00018979381143413576
0.2212962001880998
0.0013390127008885422
0.031804216112997
0.870774260076095
0.01592189024998536
0.00017914323670331633
0.027293957531076662
1.0137152313793862e-05
2.9107016293883348e-05
3.5647953389172926e-07
0.0
3.0366327992137343e-06
0.4377487497033541
0.16360644305201943
0.2520771724978965
0.00011508390206249608
0.004949613133097497
0.029644117281107052
0.0004726917033692768
0.570797162921147
0.02026131696990885
0.1953444371159283
3.899621218161897e-06
0.009119910709077805
0.026916417677259163
1.822927256700524e-06
2.387074787391086e-06
8.419909769408207e-07
0.15991304866570077
0.04284399350528112
0.0010410326009346882
0.01946025164143883
0.7367650520676499
0.00023339408938327644
0.00014940075207525716
0.00546209391514596
0.0017593820124102155
0.029044130041150584
4.214670747582083e-05
0.12231615501292192
0.4296480737117432
4.960673543052962e-07
2.6514079614070596e-06
0.0030275081481554444
0.00023032813455614587
0.0009033981101291833
0.005027855799766945
0.13199005394234442
0.0001405229387543283
3.018449636549292e-05
0.0036949695070327415
0.0010446116948059636
0.4002307634042228
0.001495692013740113
0.05234669140440418
5.357451433818383e-06
0.005678484988088206
0.00020866884952197573
6.350261922705158e-05
3.965477487932745e-06
0.7182910223469225
0.14167605396086325
0.08700498810728052
0.0013030911554701152
0.02170386991571216
0.0016237044597460226
0.002568301920087279
0.920607251889507
0.0007101797128945542
0.0001751289596894079
0.0002390149328330704
1.0575875930562972e-06
6.211995917926316e-05
5.666583098307143e-07
2.6155478227707363e-08
0.0001331307738678955
0.005482968167949354
0.020598724976643945
0.014218600115350366
0.004310510456831063
0.45273972775950977
0.14124430473002647
0.0009733751888076903
0.009789714058094923
0.0035523289046743844
2.8851955697906106e-06
0.03466558969912725
0.0031009475360317396
0.007936515246582898
0.004918120162225259
1.764972834550349e-09
8.150648659777104e-06
0.2259441118429264
0.12948611119373732
0.07641544842295911
0.3405266606424937
0.005680448854635811
0.0006186444114488765
0.0035611021199459802
0.4407364609901838
1.0661471705475378e-11
0.0019924335431333873
0.37751802959647107
0.007324540377473321
0.024435721258463827
0.062457068233320756
4.101859944549702e-05
7.801002196083928e-05
0.037330440103579
0.011563393755445128
0.06752609692920974
0.2593689499898486
0.1216124239277423
8.373580510201428e-05
9.686584356360939e-05
3.3602318766146055e-05
