0.8161460827270972
0.0019508522210158752
0.002326411321870836
0.3881684878644456
0.49795150922509923
0.6544743219553875
0.12722085098532507
0.41552985676389564
0.34827593567728865
0.18023924911988187
0.09543083399516816
0.1438274576344789
0.77139723333824
0.35301980019575385
0.017711020694185287
0.8034543793431184
0.00547891009208068
0.4075179892841241
0.12139621121813815
0.008535745252597815
0.0010129702846819466
0.09639871686390244
0.46172620202334547
0.16414462235259575
0.11751308856439668
0.0644219193839064
0.006790070581631946
0.9977833665003356
0.6161762263363015
0.8269696273842145
0.7751822952909644
0.16567778875638306
0.00017141793579145137
0.0015973673897049512
0.34007469019822856
0.34205515868922864
0.11281234604666435
0.4037429510469569
0.6327151990202897
0.03811884230520657
0.02113877848563095
0.08346546287578915
0.15503736802835566
0.9804180323492027
0.9500045972710282
0.5642776487245782
0.21451476069828757
0.1759148565353681
0.007953684653293935
0.014531725976541399
6.409622851832886e-05
0.33100090496449464
0.3088407662894104
0.1674354907989808
0.0003704920249156807
0.537359102179952
0.09350818894244717
0.7379276073507313
0.10308019780583844
0.14111710163999724
0.06858149086972065
0.6754392778583473
0.7612885406153445
4.420160904938797e-05
0.007485331416792418
0.007514961926142538
0.6594699444814001
0.047940946968135556
0.126737380617987
0.35735285354516866
1.9025335637135043e-05
0.14242839588921874
0.6739930561668059
0.6680358312017158
0.9391504022267414
0.7793974315819969
0.044512652849945766
0.5636213573636779
0.6647221940131798
0.17222418444980758
0.0010807965622054994
0.1621719835570652
0.4406030686880198
0.04817934113647504
0.04127582703424282
0.008293512329930364
0.02820463949858998
0.00253092560803303
0.7794530713096315
0.9789188962607547
0.2237076894207406
0.7225662178856642
0.1535577167872093
0.2175006101890289
0.9744917125772214
0.00910411557766233
0.5908456546664946
3.3245432806694453e-07
0.03985097693168149
0.5276602335407088
0.30083686129320086
0.09005611180149886
0.05345209598772227
0.3169234824239602
0.010504111475222233
0.05894397690354736
0.9150660615872064
0.07766384366871137
0.2338454146158957
0.015956014800800666
0.0005138172825920329
0.03757619448546756
0.10311715893162021
0.08121793441629221
0.03792267632028046
0.5412887552855934
0.0022830011396239858
0.059873251809575256
0.24462439481970177
0.0013792349271712911