0.033256092182112784
0.0055850726966015785
0.07866496668962908
0.24151142844974416
1.4002109867128354e-06
0.0006242775090690156
0.06137921428582693
0.002272167901661515
0.0014504615775694507
0.32933259460852393
0.5911463294000816
0.2594867148411175
3.8506005653360376e-05
0.002783749674228897
0.005906440668696611
0.03653526480198721
0.19394536934902717
0.0076049863640814674
0.00023518062047189758
0.9842332891403807
0.006630102161910623
0.004713343500311051
0.8840033277155297
2.4357116938489298e-05
9.026515924936973e-06
0.4381935297967219
0.060144382894134596
0.0008838632554741821
0.4403623023081422
3.0172785590032447e-06
0.00011845322703440964
0.00027950829925349474
3.051398118114612e-05
0.2751131684937862
0.2033174499235404
0.006367425663853288
0.0015061297316851796
0.052743026066462306
0.31105812021183854
0.27994027295184765
0.011440360717942744
0.020072262107040162
0.07543462268367129
0.05864695378765461
0.2764058786068062
0.019722024793008774
0.4024028709462486
0.01174546230003326
0.004255263589394653
0.049233102842741516
0.0006905591833037406
0.3138683046938189
0.1828359793876111
0.19244550051127218
0.613089279665954
0.00540845128635592
0.001689433241758076
0.001614308169351819
0.049408980613206754
0.6381709492012957
5.6332689541305214e-05
0.44125270469976097
4.130966494053645e-05
8.584411194911823e-05
0.0002178905585872304
0.0004937136126619279
0.014737560837136288
0.8671942966974955
0.03088670317369191
0.011118286933370136
0.08373615897754738
0.0001979750360927568
0.0022260250847860874
0.09017825027192372
0.13337509871283837
0.7661843675528539
0.18063783308211878
0.004611176945117812
0.3392629614528109
0.00020730227306997584
0.013499532010412318
0.07616969096337667
0.0016888587586587622
1.1140005884868742e-05
0.2490100244768334
0.03283696670671943
0.0003800425695852372
0.02379643459246439
0.9380861975572479
0.014917585500676456
0.10110726277657567
1.0720454446389027e-06
0.3218539383104524
0.04440576411168129
0.00025174500178537507
0.003049722199643279
0.0975162580097797
0.00023821978548288492
0.0010538314681454164
0.220837726469026
0.23671949234699885
0.7114358886127666
0.019133154314850742
0.0009369814394435405
0.08796704767296104
0.0537590706265334
4.600007704413933e-05
0.3676158986733111
0.05571142538717311
0.07331533555485503
1.8832996984130546e-07
0.38011528398597094
2.734665829984273e-05
0.03346802894447154
5.558481618384015e-05
1.8485728969785953e-07
0.09589257443585031
0.02820611899558889
0.0024759993658280965
0.0005560391576602264
