4.94786924543078e-07
7.27924809318381e-09
4.584532087292814e-09
0.003419273759984298
0.0
0.0017286320873770578
4.973799150320701e-14
6.763478666016454e-13
3.1086244689504383e-15
0.0
0.4806256797486786
4.5258685688054356e-11
4.858319517797582e-07
2.220446049250313e-16
0.003444506278923898
0.0
0.0
0.0
1.4334744085076068e-06
2.1703483454871275e-10
2.1250622737722935e-05
7.703389037772013e-10
9.114173193935926e-09
1.2810221772241448e-09
0.00025895256415697787
1.422582052157395e-10
3.630429290524262e-13
3.782877697089404e-06
5.263034452696047e-11
0.0003838940614315778
0.0
2.9417634566097917e-06
0.0
0.09288304481111553
1.2433144615187075e-05
0.00021703677389006693
0.09944665382942897
0.006053594288600861
0.0
0.20396413759866205
2.3958497090914577e-05
5.551115123125783e-15
6.841509869737195e-08
0.0
8.920220118113775e-11
0.0
0.0017621519053052648
7.070931054009577e-07
3.774758283725532e-15
0.0028966580983376122
0.00207303623037558
0.0031929835487147784
0.5100672980665897
1.5407772905984274e-05
0.04345774092191923
4.8670930175021e-08
0.0
0.0012308748761351573
2.5796476066375362e-11
2.8125501927434016e-10
3.749067722935706e-11
5.113700574099767e-10
0.06695051112606842
0.0
4.440892098500626e-16
0.0001766524212349907
1.960853701632459e-11
0.0
3.133160397794654e-11
0.0007256487998110739
4.218847493575595e-15
0.00024975209368438556
0.00023648629458405956
5.545064407641576e-10
2.5044216700464972e-08
2.227602560855857e-06
2.4389246901179717e-05
2.220446049250313e-16
2.4563042710923355e-07
2.220446049250313e-16
6.377121053446899e-13
0.0
2.2752182360363804e-09
1.5893952820533741e-12
2.1303958597229666e-10
0.034885383274907866
1.3322676295501878e-15
0.0
2.431476982556191e-05
0.0002655324827878225
0.0
4.218847493575595e-15
2.220446049250313e-16
0.0
2.8443274497913507e-06
2.6752695067688848e-05
2.220446049250313e-16
0.0
1.0191847366058937e-13
0.0003270004215270017
6.429442978017619e-09
9.769962616701378e-15
0.0
0.0024473900548300787
1.0191290744643311e-07
1.0458300891968975e-13
0.0
6.087860414694113e-05
1.5916061435472528e-06
2.7464677931909875e-07
0.9005631219341617
9.644961496135807e-09
5.595301999505864e-12
0.0
0.0
0.25003314988779635
0.0013871191295280472
1.1873977356913201e-09
3.574918139293004e-14
0.0
