0.06781777913333231
3.5339963562197596e-06
0.0029008375862380475
0.0018803344746685102
0.3602531307101249
0.5257368696982516
0.039706171025042813
0.0013963196552284618
0.7257914954374132
0.007867293208339676
6.359333354799546e-06
3.699361842102178e-05
0.00032323432157466137
0.10235749098271163
0.018333510735457192
2.8791517414639145e-06
4.114730402182687e-06
0.06925561337983788
0.00012567873586788458
8.965739262123407e-10
0.008934294231724982
0.0024486354891728457
0.002575785350292792
0.15278189645339202
0.07124197058033066
1.9758225322519252e-07
1.0679023620951966e-05
0.5587660328529813
3.75284292619682e-06
0.03829280329420004
0.0005884270400344782
0.3300657206218085
0.2131562106594984
4.013918544010231e-05
0.00032354033612502775
0.0012937033508588769
7.606885184996415e-05
1.2224826846596315e-05
3.8354798248541044e-07
6.909935897247976e-06
5.3609317427483205e-06
0.23417208385453203
4.3949890393690794e-08
2.0304822089700636e-05
0.2071217346224854
0.0019654259295780463
0.2597347540388124
0.27556413552610626
7.339586478583016e-07
5.163522771356455e-06
0.00956374513218683
0.0711574632023686
2.0272488376882336e-07
0.054703786769099594
0.0003515996584890768
0.023174372548785627
0.39865677795802346
0.0009213321158985099
0.015911917159376232
0.1087003841109111
0.9469803720077306
0.00034460136700520394
0.0025827258646569096
1.1591730725513116e-05
0.10735392850477687
0.00011573421942490114
1.2024728797133122e-06
0.17414494721397888
0.6796646658409373
1.5731268065977133e-08
0.0011044716885901806
0.035900705277719824
1.5185099484726905e-05
0.28889629984527376
0.0027418419416995743
0.12430153038144676
0.001071996385463958
0.18907063116446188
0.00013012231748321668
0.15157938885584032
0.007276611527759824
0.04355080853639892
0.006027039239148602
0.014234833639180433
0.23291911544213617
0.0025466899278836497
0.001003723869540618
2.1914623826724267e-07
0.0002396362546668307
0.0001699288378322894
0.0029194287737450697
5.723137918245413e-06
0.007878381613504404
9.977610024258787e-05
0.00104336348594547
0.10225051930428153
0.11614563623500129
0.010955746895046303
0.00402001879781011
0.00865520895225802
0.010295952809715958
0.0932655543138563
0.6654747832174428
0.011051099740073012
0.04509565970273921
3.949877044484573e-05
0.003805328004804931
4.6738630254949953e-07
0.016147426588636105
8.674128049168672e-07
1.603472910005621e-10
0.003660858975028214
0.043486701543635764
0.5933946354925197
0.1983151604164919
0.0013263930554101577
0.0012521762969817107
1.606512260132753e-05
0.00018144580776402464
0.11644659705903648
