0.9260463579466086
0.024509662639464302
0.00048457670481694137
0.010518087762892314
0.0791759281073603
0.7705271555667161
5.893596070949414e-06
0.1608134654041582
0.0029259493537789893
0.04026177765693628
0.4484058908386285
0.006904589498496927
0.021448760939102085
0.00010059199956535814
0.35788952919262673
0.3475506608829799
0.4214179360860526
0.5414795790781988
0.055014912144518036
0.622493065324319
0.48378213633539
1.4914736112814353e-12
0.0016253050924441848
3.502298695501338e-08
9.07169196620039e-05
4.666597202152012e-05
0.12117046156511457
0.30828565136200803
0.42241858584982594
0.34593115259222706
0.3223713018715395
0.15731209603842533
0.3504861406657416
0.7951049291527192
0.01949856435422226
0.31275648386973476
0.4839644571618611
0.00010976567021669936
0.04704074229877819
0.11586075321170819
0.026197106542315884
0.10061292397006545
0.6935720086686309
0.043665619948539236
0.3319022375933056
0.14301108801799933
0.2482641891484907
0.0137100202680287
0.057335478381563165
0.13696065160462667
0.011904779307902125
0.07721803333295751
0.5049410867800893
0.00015942401119173333
0.02377631038435335
0.012842935636068198
0.6939816714535343
0.021686768685875046
9.784796523426564e-05
0.022003700161814965
0.639384339870002
0.06591461428815637
0.005825236062055428
1.436338670224302e-08
