8.704148513061227e-14
1.5470246879090155e-06
7.92358389789527e-07
0.031181168627463896
0.0022797649419801225
6.20725693067925e-12
0.0013839386744809445
4.0878411766698264e-13
1.2602141552520152e-11
0.445495855840385
3.3699709689472e-12
1.1695044932480414e-10
0.0
1.8025247960906654e-10
1.949551631241775e-13
0.012427395976531974
0.0012303127238961764
2.1760371282653068e-14
4.1233683134578314e-13
0.0
0.00017659135454728414
1.837561389717024e-07
5.879486237869713e-07
2.013957766022756e-05
0.0008905163333958743
0.12038037420523007
0.4202518734280951
4.826343524833021e-08
2.800781828682375e-11
8.27232406057643e-05
7.251373133065897e-07
1.0740724395219559e-05
0.2699283674636481
0.4626970745085517
6.439293542825908e-14
0.0
0.023784749195553845
4.39911260099457e-05
1.7660535462038496e-05
6.372582461722232e-10
3.833544370834829e-09
0.006661675328755168
0.05463206051622227
0.0011750786610320585
0.040310677547663376
0.00019003318562305083
1.1829204282776118e-11
0.01121027450207257
2.739218498915008e-06
0.007815586415944376
9.214971397053517e-07
0.0045097818776465015
3.2900749071806956e-06
0.003773255331218861
0.02006886902247329
0.0001031636316326523
0.018148584494957376
0.01877414338200034
0.00010708535608339176
2.8205310625972757e-05
0.1905084302089326
0.0016076511982021646
1.2772108820335859e-05
1.7859819401166988e-08
0.0004212612857437126
0.5886741840773795
1.3766765505351941e-14
5.91874549371596e-10
1.925092834098585e-05
0.00047100754870066375
3.199662756969701e-13
0.11976504587613968
1.9854906550653695e-05
0.02605781545086816
0.0
9.64961444083201e-12
0.0006098937962786266
0.005848282615504852
1.0425281473658288e-06
4.37847149870052e-07
1.433297924791077e-12
8.16482039756039e-08
0.0002680251689146651
9.597405053574093e-06
6.734898180260629e-06
0.001249887965401486
0.549224677114108
0.0824746454388019
1.817770058920587e-07
3.1394388525951555e-05
2.141680366385401e-08
0.008480151616222065
3.6848444295856098e-09
0.015216461972084261
9.866440930861309e-05
1.3788817102788897e-05
1.6551343633430804e-05
5.629095634063219e-09
4.3654857506680855e-11
0.1883205517172355
1.9088824165791607e-07
1.3731104341552225e-05
1.8671242330015048e-10
0.07668161539760132
0.0008688002870127498
0.668504281717597
6.153002551911868e-10
1.8429702208777599e-13
0.006498640336312089
0.0005979694781061973
1.0824477217230566e-05
0.00041171425462360745
0.0002889620264756587
7.545345459547548e-09
0.6111302375196981
7.046558891943278e-10
0.04098269111153474
1.0842682307554696e-10
1.139757177526235e-10
0.0004980759331372209
