0.7089421305507345
0.38665943253635393
0.7317107098874669
0.6458820081729009
0.6369045988648809
0.2603654783970312
0.13624757293376025
0.5363830400240589
0.621802307868365
0.25016890732382624
0.6711675821023937
0.404384715410564
0.6403795034691091
0.30506829052808476
0.14493212917602705
0.5379715937686227
0.42374244408918726
0.09667831294804731
0.8852746909121313
0.7689265227418665
0.682333517241543
0.41137230411550285
0.1907420532973307
0.2899182889928793
0.6289589416642678
0.29445931639454015
0.5105122666834958
0.14689269340068645
0.6819838904272624
0.24914218671687038
0.15350877223993264
0.594772996244346
0.3104777729752933
0.537039980769212
0.25695851312823903
0.5639584786538359
0.1372084319641637
0.39582070210785975
0.2180309091812931
0.7173110225548935
0.44213279230853064
0.7334808653766732
0.8971650868452459
0.5613674186418786
0.3764751778519471
0.9471340006751086
0.5066005171491119
0.019125944305108254
0.13769293847975309
0.4576421709973941
0.1286049330979595
0.5023959860199265
0.8570092492396545
0.09311296940147537
0.9607425950288182
0.9021772414896866
0.7153817493566056
0.23606941580806273
0.4139359880121869
0.8013202690293042
0.5256324447235947
0.712639970830502
0.13346834208457362
0.11133116320358871
0.8701487961724508
0.6998571219250815
0.9392096105300625
0.8652721372978931
0.7692419000894175
0.20188638337896878
0.6830590520141453
0.5481244914979619
0.9827758304938656
0.2151206404974928
0.5197347643596926
0.9766480633563164
0.08547375413658087
0.08190606853393025
0.9988950263629199
0.4181880937854574
0.571901432270748
0.4177749652789959
0.24105563169052635
0.5408273863809223
0.8665800999649517
0.09058087023324071
0.4055516893303827
0.7877051179038751
0.0641010075255116
0.422020326522776
0.8767536747169847
0.14826575160823352
0.5454568735543524
0.8989587148370828
0.7877898913340308
0.6810249038121132
0.8252418417307206
0.8913797585435962
0.4255388102632849
0.7116410921693728
0.815713492785389
0.5975363073853766
0.37073833895225744
0.7788462753486494
0.46726669734994225
0.016533842676285965
0.6033845014097149
0.5391740923116262
0.7683151934829251
0.52100527396905
0.18870963671372284
0.8788294599459567
0.7076688215926309
0.3863329700771625
0.6123875989024221
0.7467945477247164
0.11505414151115145
0.9795893310536219
0.6015018665278615
0.5478429478393887
0.47107384077413883
0.16604756505469218
0.7416740399975403
0.0006011931841003459
0.03412434323462298
0.3963764593284933
0.41722788896935054
0.35643936817221733
0.7040622810119904
0.6721492957487506
0.5280253076125525
0.8776556670789085
0.7729145961320509
0.42928529966297124
0.08794494589503166
0.6823765948289862
0.9624647495394845
0.5629475714978747
0.49582158070469456
0.06423771370305409
0.8501453112202169
0.37883277908258295
0.4942352243254868
0.3605448198529384
0.47104973331468597
0.975096500356824
0.13619678386815126
0.7238595176393614
0.28656341207810565
0.35780949559295044
0.02574699672916614
0.1331064373283226
0.6624162765263151
0.8050560969342597
0.838109409510249
0.9681223201949805
0.2094014193823881
0.8868491124683978
0.8343627065152723
0.11712908061001182
0.40721494321408047
0.7702981400791574
0.2832525575643101
0.18436185703998276
0.9053654881332097
0.09362414115347284
0.7904763169067338
0.9188686252749234
0.17912602462029537
0.4508142220380982
0.12316157439318709
0.279134964288954
0.1619263654341403
0.2886220985944569
0.11586133161651158
0.6924766114877705
0.18045006677717756
0.4263026413238128
0.750785019586191
0.1464163263701857
0.11217559830319075
0.9645659053875029
0.3754165108425543
0.9403479350119633
0.06554193642691009
0.03501866592967453
0.43758978808260807
0.047608316333641376
0.650273147003464
0.8276236433164692
0.6551112056153698
0.11575124497484532
0.4823865609854241
0.1635163225638927
0.1637643237632322
0.11534050191764961
0.3835996837869493
0.2266294638458004
0.2788487340250443
0.775359220263715
0.5120877158903311
0.05772473292670899
0.41952939128584266
0.8116247497440292
0.7752299996137095
0.7359030133909915
0.47821588978974816
0.3549139488852524
0.3962951947772313
0.258911666361771
0.0946678432703667
0.6184774865152333
0.9595750574929698
0.5175886889485664
0.3668209052854283
0.19683856363616814
0.15108816251211743
0.7787143425655974
0.5956304178786752
0.5214319234517062
0.6586555893112036
0.8923478897799524
0.7722511099778879
0.9336446856889871
0.4280264090570835
0.4884832983293397
0.9471057253725732
0.2031906796585524
0.39967433620616977
0.49332400584694897
0.8090391238343819
0.24846416807359173
0.7534036599050913
0.8741195152870516
0.43668085304455184
0.01246723372018139
0.5569682043469275
0.7473215895870101
0.5633534597555807
0.30533454904593443
