0.4699632078366848
0.7122693931274455
0.02570295284538899
0.4935135792587706
0.642710096257042
0.012208237826403838
0.18480569670710167
0.07082057272516296
0.8283536406634235
0.5111376781050192
0.7913529883343613
0.9046125340970609
0.8038301603881881
0.6456728033443271
0.32481933856916556
0.7774110232550681
0.8550726177645425
0.6427156624454634
0.8839172310445822
0.4149962158385655
0.8726409795819778
0.020325209332375582
0.0020445108753051095
0.545573327648889
0.956091274977761
0.7369004458997059
0.4975327089752888
0.0037473982736693223
0.43119323529793663
0.4505784721383969
0.5069617457800082
0.7202072095943086
0.0649211733598376
0.24648513799047214
0.6981869625536552
0.021223817124370804
0.8745989784084125
0.6291912729472415
0.5500591947692721
0.3312852487180084
0.023374178402741252
0.8033499665241923
0.4513810681129348
0.7420028715755749
0.5448905105041029
0.5847222264679358
0.43259240921139774
0.8014786761206134
0.46602614043797685
0.38150028919171153
0.6380758843790499
0.10344321743141167
0.09833693060385085
0.19712274280922343
0.4846793402667968
0.5746339956658968
0.8774923478438723
0.8995454280184535
0.1915154568410815
0.1679704374654718
0.6680543777988437
0.6325029960549513
0.2800631991874057
0.7464430190966741
0.7663201740265013
0.9552832905571735
0.41994548727905956
0.34891403890551276
0.8151229474494814
0.9741779120061071
0.41253290328196
0.3821475269432751
0.7295398540290867
0.9317229228306556
0.9128374844858311
0.8386986187612877
0.27241705373347913
0.8408353729546072
0.4237770535885148
0.7269411304274407
0.9498668338795634
0.9691603366825072
0.2722230271439159
0.8375226731455578
0.10725026785443004
0.6321012473326022
0.7279232406280223
0.5724241054105994
0.5647692945114836
0.762316175512693
0.7106737484644904
0.6321740734347449
0.3796420287229273
0.22145160114976015
0.41971642391050334
0.8690911969977052
0.7915235678677071
0.6540091572468132
0.9049627430852626
0.5037269837041682
0.06855879098475359
0.24695213172032243
0.45441536467497645
0.6246133631854585
0.20936850945858299
0.026275211458395953
0.5096872648911177
0.7246602272594145
0.6555756092724594
0.6711889727362841
0.6741543652623296
0.21902296114513076
0.5595050819264179
0.04693958523318997
0.6021283250396781
0.9157362779989529
0.07792963683057903
0.4636066241000886
0.9360889599541109
0.7434831977189125
