0.23674832963468656
0.8337789141657159
0.8758936384486882
0.6833124273512075
0.3912199706538346
0.07172159738368288
0.5842059960308666
0.9270510610407744
0.21569514747645546
0.779967237478115
0.6078999921813828
0.35881489408052014
0.07673913724736989
0.9400530750586591
0.9459132727014454
0.3234812088070659
0.3946620893122281
0.9275066030514276
0.8605759702016693
0.130829503330534
0.9740162890248841
0.27899422898229376
0.7926915854746781
0.9709886365058094
0.6358087296257459
0.3299459487596177
0.05710744941171986
0.6831230506185433
0.2509017670121698
0.9047552986383025
0.39543707052055055
0.6297202176128399
0.04988376926815625
0.3731201102724943
0.6110996339742245
0.6179718011152282
0.9553669011804806
0.03248130198238603
0.08898397129646385
0.3955123657843942
0.06932287235006088
0.8516378207722687
0.6304006765091977
0.07911667480060713
0.7930892726851779
0.7667347527355126
0.21122458858251347
0.9231648259271483
0.7151021513360326
0.8550957101934609
0.027206360704038923
0.39374335158778684
0.5334601846550496
0.591038859483135
0.5213728431346839
0.021228318802898178
0.5998753536905187
0.654852641459436
0.646785734433029
0.041187119646131976
0.014697462499084324
0.8010194705977007
0.41892960313345856
0.07198734017337993
0.9967539611164635
0.2636349147378181
0.7786701733567135
0.8196055231597119
0.4878649632205372
0.5337182764668067
0.8717684679946384
0.6179898892790774
0.2183716142005594
0.45215375051893414
0.44327392006101074
0.3867609022349643
0.6867760446906159
0.22313682017220532
0.9900016279854429
0.5900489830555959
0.7847328881003626
0.25996734638196145
0.6099547152482423
0.9214909928426738
0.12156041692270492
0.8293741098103484
0.20240806445522774
0.7747884427635994
0.019492311002321072
0.683696211682974
0.4472228794394484
0.2734362900068952
0.32526744389166484
0.20177709419564788
0.46328162111688953
0.30329909533184884
0.25741577080064926
0.9484922560811602
0.9976189501811197
0.17387088860423236
0.8335134988204869
0.6071240121829535
0.12403896630394917
0.6161976137976399
0.3128641037213313
0.9049999559020074
0.12392564036052267
0.9980293326907731
0.9547514415663181
0.9501891029422335
0.9759358364743411
0.24081534110425049
0.7608667173894104
0.9645644030801077
0.7452581193092889
0.9332575225690478
0.24247784362771396
0.17860816517716804
0.0631955328415257
0.8285406184292881
