0.6552076855987761
0.22804432810484698
0.5028160843953764
0.007441450604354017
0.2786991676200399
0.5301213298226839
0.31830574569624814
0.022858300824420662
0.03843704802756466
0.3479016470427245
0.714811513865121
0.09180845935275797
0.1997556824992776
0.6650292087409498
0.7929251969318576
0.9480131708714665
0.9351721437261253
0.4558058276890001
0.7433927085301882
0.11281203121774941
0.6371933115352342
0.4545392034522142
0.15523062530322496
0.5089551893273676
0.3845206691129893
0.7526000962570298
0.26532310243127877
0.6748172816267515
0.8518462760226393
0.7051015908176284
0.8813595424726492
0.6112043351145406
0.42868383243502883
0.4341581051121856
0.5620617736477189
0.43052029945831033
0.36827032445625496
0.599406815154236
0.008074407244073805
0.6064150841009293
0.22819868604233637
0.21283401104358823
0.9165664714438843
0.2012376903015971
0.5864830213067814
0.14409778846920648
0.7423427123182331
0.02043153778473461
0.6128889473798904
0.3131107242544581
0.3647216569853832
0.2599835561246381
0.8412883966050713
0.5048809966611134
0.5271465523570006
0.33017461409455295
0.7720168790161516
0.24327142049379127
0.0029610664415140597
0.6559470190609054
0.7105667057910661
0.308482476032261
0.5864135819387221
0.8894134230123896
0.36715774612628493
0.4193258723892377
0.727854221538236
0.5896611013051851
0.962385105401679
0.2665735895565089
0.8634763764550408
0.6597322518356582
0.6779160288026584
0.043287869014064125
0.29433692966208325
0.3714157280781534
0.3832193655405089
0.5692620933241463
0.5142653369646466
0.07243721982188456
0.9814687376034871
0.7700546394775343
0.9638730219990637
0.434174759598472
0.173360543844965
0.8415296765972653
0.3453250362153545
0.7111628791217317
0.006393858142547776
0.19436849302861314
0.3448647205206383
0.08120967696283656
0.9207583264445662
0.6756176173482045
0.5997924754258788
0.20396601338688986
0.435527883237945
0.09882147348954831
0.4878682931589562
0.41644880535669415
0.8703879587740229
0.8249268928996236
0.7967060425415537
0.01363129941798591
0.370883723578437
0.5081404107741252
0.3441932639607499
0.5981208699305064
0.43596324375920315
0.3928183623838941
0.05249736768109847
0.32366364640870904
0.4961389298705108
0.8670290874461644
0.38602562799998363
0.37070591303920586
0.43490117289123437
0.6459532027842714
0.7840304739122289
0.8006192193087637
