0.03012385830954356
0.9126842605012013
0.26957654367221123
0.018176318120996907
0.18447250831475867
0.149490476902937
0.0030246094719073024
0.12945308575000336
0.6039701458031048
0.9642572743919192
0.7785321128353511
0.5773866502649052
0.07511144936995917
0.4592788201753217
0.6914263704051693
0.46405234367181425
0.12716922165974495
0.4390039595356989
0.7410687649044152
0.9139735003884557
0.22593935058041406
0.7519962770974065
0.7955653416637509
0.6890344529202002
0.49523787102063244
0.2263526313259716
0.5947171450674832
0.8389173310935104
0.49868212180311455
0.994520913783221
0.7489491104250304
0.5009691357160326
0.7444880066802446
0.40305160335158946
0.030842715891668215
0.7387790949400926
0.3901386210125892
0.18086470756549605
0.25680081180637826
0.9542166972685715
0.7610851566290213
0.19476058377469574
0.3063072321102485
0.5941512624957063
0.505051040821712
0.06587585490283755
0.9740491230500181
0.2099453580574258
0.8663974910628158
0.9713103168535042
0.15968293556501845
0.22244980528372493
0.7536895961471344
0.7185122970449336
0.07679794664572298
0.5766746101185833
0.14044794158773444
0.9758899799206735
0.131133863032655
0.8379306066211577
0.6629318102978805
0.9342884556082691
0.3073869276040866
0.39374937041296393
0.9038979544497062
0.6102787893094573
0.5801511956086441
0.8653105849241367
0.44011606805051406
0.9362896592808326
0.049709300463970596
0.9133515625341752
0.18292672568605664
0.006981563347406768
0.8677274209411969
0.3202068415693546
0.7846840726354549
0.772472726125419
0.15490977864459832
0.9377378096507092
0.2598613244142516
0.4981854420157466
0.621233781599837
0.7189419274966222
0.15589831104695817
0.16089119469058444
0.7043692236288683
0.36361316276854694
0.6628010657043695
0.5175750198609039
0.9259256123055105
0.8760886576026219
0.813754148223067
0.037023575805834236
0.6818686902807665
0.11778856866637932
0.2778278371637081
0.12558319747304636
0.28603085641780673
0.2974159323747023
0.1576833368876005
0.3858569483221983
0.9962719839613162
0.5656052223960004
0.7342133809711622
0.7773641968111277
0.3862838331915719
0.8467533156424328
0.05591887576609664
0.5605765648107646
0.19337852230885821
0.3614271051722664
0.4526534132324222
0.38528428761595007
0.6897839121546636
0.078294647721596
0.36481428929763066
0.3354220391845825
0.2650686243031677
0.1517537230947167
