0.31588077933083736
0.6430807147220525
0.18135483845912456
0.3262397558114807
0.7323186413047702
0.038545680317277675
0.2669570115347042
0.5705820428180916
0.3737196159415819
0.04424761174443688
0.27275559052295834
0.34245055258443413
0.28783906222192024
0.09392431331484108
0.2186101948531926
0.1819971422726122
0.6716706095521283
0.021427569357363785
0.1346550831039861
0.292557718745847
0.2117915087101486
0.47387936359042016
0.4305544568083335
0.4462738023322479
0.8616271352809501
0.04921003930640433
0.012152259693922085
0.3073204628901034
0.28337253630548376
0.24859043644142728
0.3363918337167968
0.7900235075274444
0.7870689250118776
0.44757526309556855
0.12826289833345794
0.25870377659713534
0.4296702685339788
0.48689030549884926
0.011161726582468168
0.2914441236288483
0.13259598512352233
0.09270678671774579
0.10102024134651488
0.3394922798732397
0.03839557046244946
0.03543943060979048
0.4748446372314967
0.36272399473013156
0.4907935057151691
0.027875857264112014
0.2825416232264397
0.32934919480111624
0.31056929337798156
0.8267086608830594
0.5209398976323529
0.5444593685738407
0.6273495473782322
0.21313990097384913
0.544355885071319
0.07059463411495576
0.2259626453189214
0.13713142075064738
0.1414300021031789
0.008826378443588221
0.3779101828880259
0.27242175483297887
0.23929228244314515
0.46554129399470345
0.188065638553774
0.38143797959087555
0.2539391534862199
0.6181544696992988
0.17515860748344572
0.40860368567368427
0.13184911960983792
0.08160796037012795
0.5833373981365431
0.216197906321131
0.0525470534811758
0.4744580439443824
0.17052242149374264
0.7275328955822742
0.08171559096707348
0.5246191155839299
0.2057926436130527
0.24780415185212543
0.05604275333603925
0.48112975423364396
0.6734039118508455
0.026767382492177694
0.04467023407879034
0.5998556145387963
0.0027935279750341516
0.43593099308093275
0.1677661778454032
0.7751888602067949
0.0676021582321038
0.3626878335950884
0.3705258264384238
0.5974825541344789
0.12780610603461776
0.17438014701389193
0.016750996023219944
0.3538121122596174
0.11554443881059218
0.1109610278513174
0.036117344315120814
0.13464341300983107
0.16429902729940168
0.29717218911491
0.4092629162876209
0.26165839741105884
0.5145514656520491
0.26552102992944016
0.0003975077006432848
0.46338050146627996
0.015901642787423897
0.5937950390512919
0.13812269913825115
0.278922433579159
