0.48445811137174166
0.5036161228267738
0.4632646001835714
0.4998458393148625
0.03889545729263296
0.18715368227599746
0.24942167233315682
0.3052647869704448
0.07830633536095762
0.2704374426444666
0.4547141865262716
0.12356627478056718
0.46877185032974844
0.16223733490904355
0.12461141345275983
0.46472121339541883
0.15409183799290993
0.1931867241299078
0.36647317814794955
0.04157763334423059
0.39850502023241074
0.12529238209264082
0.43866285732547466
0.02187043449929682
0.4630157706836378
0.19440199209264097
0.014195992975488014
0.3380756860411628
0.0936807762737071
0.32455578616775527
0.5123884999610282
0.35633361181905315
0.244665630034013
0.006166739142095932
0.31857727347891984
0.015444404207538343
0.11779022085514179
0.17193146532512738
0.045163827143514995
0.3253410686346765
0.14866795154182583
0.1543004737613811
0.03156849511735246
0.16429648969340604
0.11954502153192134
0.3801254383964144
0.22424926567383582
0.5086883179682767
0.03069880939022872
0.012491525883691214
0.049218765079055427
0.37047924885909306
0.17377072472602448
0.1823343087612097
0.09908816706753965
0.3945149054829662
0.04126947810517154
0.04939804606425693
0.04894790455694786
0.21186852465790698
0.17307474008497747
0.013351675714339336
0.36201333473000163
0.15468412701578702
0.2800111231407105
0.2432715173609752
0.41453066410436545
0.199215952048599
0.15141857004576265
0.06189403940573923
0.49458131242759223
0.533935553960157
0.07109678119230112
0.27363540995557734
0.4428529234570795
0.5607513952664875
0.20668620218008163
0.2828530373286163
0.2057207404754205
0.5253083772398031
0.47019044179371794
0.288623315494815
0.195522246277531
0.1851205637662643
0.10516576669796196
0.35990092975161775
0.27689817576512943
0.3951831330262203
0.19290238545672
0.5219827547651532
0.361011564138547
0.2671144990647052
0.04357263970209346
0.4156449963719553
0.34181601910237314
0.7077425610358061
0.19634326840609262
0.270918817199689
0.32035923065297056
0.04671218381213915
0.2147175708746466
0.5563264707630746
0.5368422256429428
0.27687549647168314
0.2230396194638713
0.5025081183751027
0.11226353260958781
0.0653727991757493
0.042308706084175224
0.2651106664886966
0.1337779242579112
0.05450908482576122
0.4347678302479319
0.36753876880704567
0.13599821571264004
0.01845202210886642
0.22171397320457173
0.019789706405294566
0.5421554454006514
0.11579543429675707
