0.2086292786595374
0.14739479832977914
0.6729978964474193
0.323966235915437
0.14826836851080796
0.08428836989917785
0.3356936733771547
0.06446446399259721
0.617406124894617
0.5744299350393978
0.3339338592322876
0.22867376177743254
0.3234860312384229
0.10352783542955277
0.1683808085509349
0.4702778745543688
0.414474534400962
0.26026532407351355
0.23592158521063689
0.2755962769066702
0.38466790760244574
0.6993460835486043
0.11059372641220677
0.35281421994990275
0.5283865178805889
0.20816880069751617
0.5365490997723221
0.19446629987912661
0.5287259653505542
0.3522007772154499
0.605961939600663
0.5575542697661598
0.48768712598915914
0.14389055322947197
0.4868318192317358
0.40164331677132764
0.3912731728059283
0.7209806733791809
0.2938266772701849
0.3452011385780813
0.31734344408121073
0.03001947579207564
0.04848093820969224
0.22652555933483254
0.635969828340967
0.04149189073302684
0.1419328336180338
0.5626792591038396
0.11634721508305934
0.37845946855314194
0.025572985573341978
0.5426974177188559
0.648919607688656
0.3051433205024494
0.018070617065880132
0.33562279875672285
0.2049918031350002
0.6047788314982641
0.23794563784865208
0.016932438895807422
0.042705225561185944
0.2158236884197342
0.03871170717416619
0.15085196008096177
0.16114921656557102
0.172425863925368
0.1258579031436533
0.25977014162661116
0.3687810428714935
0.24371952784232898
0.21981676984060067
0.5257797710368978
0.05411211574759917
0.11963090697144341
0.4779943460518321
0.4047717303302871
0.5745927537311728
0.29623412969771046
0.10381984725337512
0.019637261028110364
0.015855950661013418
0.33962898342447145
0.09096961028226742
0.42710647183329675
0.6931101489124777
0.1499640371635511
0.2087059891547638
0.09368362388072454
0.10465335510923805
0.42829935926537976
0.3468567802336619
0.5096162016433329
0.09385298811351335
0.07434391714054511
0.4965758050527609
0.48801010671856804
0.07770700960424493
0.518928139580388
0.19408189438242718
0.2807366546929694
0.09284556299639046
0.14708783469422212
0.11139403849777918
0.08037585067666009
0.17318354242514777
0.6789353350657862
0.16989864954003123
0.24298352236296603
0.1441970457937396
0.44686252540748606
0.0992826199733836
0.655887189015165
0.23736921869917338
0.0816016656260512
0.15274004214041018
0.15786855013180515
0.5571578359054367
0.6252074369720166
0.010335523813116865
0.03385377336507389
