0.06993618859813999
0.8418365558224252
0.15177587907065604
0.830417533708463
0.07506310412545024
0.7266541569468106
0.04008271507950196
0.16624043209242112
0.6937012012827783
0.5679033014064484
0.09905204265295432
0.9298545822860591
0.33464921114429513
0.9975834037873614
0.9238106577757521
0.14537919581789427
0.7558450445274024
0.4742159735659486
0.7886455232281271
0.46423241901677537
0.5822634919552562
0.21962003613382164
0.6762003550579133
0.08166182834132765
0.8232154152316868
0.43417505152430924
0.2898476612904495
0.10944035127685299
0.6640711657249065
0.2951993578761849
0.6095711126790949
0.0028634194657801704
0.25204487251163654
0.6761444197700828
0.8421416386171279
0.41607597862141804
0.058447493378146254
0.5704737463405127
0.29236827606602334
0.9862374192953995
0.898798266213906
0.24369674823618626
0.5604207752197738
0.5456999847429945
0.904138862003586
0.848068525249455
0.9675615644810458
0.910029938771463
0.27688978172407336
0.9878465730791882
0.08784344319072375
0.9850066512219708
0.8909981881052318
0.6597768551374508
0.2681136334834207
0.3193192512859212
0.9396900055860087
0.18865761973518597
0.8960905339882055
0.39768261866409077
0.6429410336350574
0.4720929704999004
0.3569818437339285
0.9267602586115861
0.38932597243783085
0.50822114914204
0.3525803798867506
0.40837159672574663
0.6379957741172566
0.625699179933169
0.9438266383703657
0.18729741722128262
0.9913498624069232
0.9692809829578991
0.30970927661674175
0.5098638908934299
0.8843825941360779
0.09558455385701947
0.9390554183398501
0.3356307392207431
0.247866794482539
0.05728782897957574
0.39620896330448563
0.9860110799598341
0.15232059890559246
0.527877990016282
0.2360311146544993
0.037709183917158016
0.5961087677465602
0.4940150669648432
0.978725315426961
0.07707144091995793
0.08067687654256435
0.6553574942940714
0.29498011873322255
0.6715625187626104
0.4232836396979698
0.9429025791326067
0.420046330088198
0.652379075901022
0.189714496896342
0.8518624878831744
0.1737676917514938
0.9055318041632203
0.35920328213328345
0.09089275386626315
0.9978048908633774
0.7708272144087227
0.8717646575680539
0.5931947486757303
0.25316692297240534
0.23914496079434105
0.5022440701404679
0.5591480588844524
0.7122532110265993
0.4455456319381761
0.8816790782210269
0.4907636539113805
0.8514481673823986
0.9392730138660543
