0.5095939146216566
0.08880927090793067
0.08771890402816229
0.4306109584121101
0.21756554482680146
0.6446810166179897
0.31597939333933794
0.1923820838714845
0.5435252404211315
0.1924911493629566
0.1414294719614958
0.2672001823061614
0.6684085014438254
0.526877981186112
0.5672818443872661
0.48149335427966244
0.28955835249278317
0.04843965975804854
0.08385481089880309
0.026119042907793544
0.7038893684451921
0.5196334472500433
0.06947738983272278
0.5407132573944935
0.5540901897592985
0.43857862675348414
0.06368856328982475
0.45817619365092677
0.33904007657953095
0.025971154282828625
0.16242952561964463
0.3975652880457663
0.015465104428216005
0.2121786966418357
0.7007974086609461
0.6379621365383703
0.38472516292358616
0.2357837617019951
0.6682526146377783
0.03560603969432985
0.551877250840384
0.4994121166537269
0.598448970212957
0.6431042721249125
0.4674959204345456
0.6111240055551328
0.548233137994426
0.2708132625212187
0.33838313472830106
0.6965573935711387
0.22971423647253042
0.14301228763879142
0.5536575973897406
0.29252477871747423
0.2698152145346046
0.210566586147507
0.0478881043761473
0.229068088946482
0.20425992597716447
0.5733591929052579
0.7514077339778062
0.26839920317786325
0.25139982278562467
0.43374278334758815
0.6934530499948344
0.5101656288589642
0.2866308987368032
0.06907099700370824
0.4193613941210481
0.019090608629386274
0.03132637681568931
0.4973550142130658
0.489763709593519
0.33790267021356435
0.23112764794304064
0.07789001330585275
0.24667766440715555
0.37537396155280933
0.4614243553270861
0.28105546280018645
0.20561527177939296
0.2762869824257752
0.7440576428519974
0.7039365465497148
0.11248143850126699
0.09645940418007408
0.005216689079591276
0.21767083324126912
0.40147846001132814
0.1544825019468885
0.511170366899315
0.08419574832592192
0.2671832119620809
0.7149576587307398
0.7086676193130026
0.6435026716516571
0.0908936473520765
0.46813713563160053
0.7463219684162445
0.09478740528288676
0.18862289231324203
0.2222489922551479
0.46022317937336843
0.05807256309080122
0.14806709465738344
0.0007321768868600032
0.19872281424493243
0.6632967243815087
0.04201522665362001
0.12558817830122768
0.3049714825875025
0.02081903695650289
0.3577858359641264
0.3735470829221095
0.43718551805738826
0.10347391823068858
0.5085278720401858
0.43563190659360806
0.09261885727901298
0.212358516468543
