0.11448867131439999
0.04098475649137656
0.4591674703411572
0.000864565362918901
0.03626241310665275
0.29114722493540945
0.5951083923362671
0.15004839959992275
0.5331369520436569
0.11489210063826549
0.2106002047993043
0.3731461865958283
0.1387492655809881
0.08654719507631488
0.3980927654502435
0.5125386202035624
0.45763234864250957
0.4342667034042662
0.41646462614407986
0.39929545666465077
0.655944526237493
0.26351549776940497
0.2929155992805129
0.4297838417019585
0.4220624620431413
0.1333363745498325
0.4356239047475929
0.526650535391287
0.39921935076605264
0.3554071695399035
0.12952729426019935
0.12173105689220765
0.05380431882465553
0.5741797627066039
0.13964935062310602
0.022114624420368045
0.056076796940531595
0.5745060217668936
0.2846115114149932
0.23917057217309612
0.47103352604508064
0.4272855569659054
0.18253162754594546
0.14964385111197157
0.46963126053850557
0.12253949859681426
0.06719219240769725
0.3679116439815131
0.5774567722710613
0.2913847099012388
0.6781324321226341
0.567975575363146
0.623317411077323
0.0516671474663512
0.5276710921985023
0.6876163570791709
0.42743397252725157
0.1300858665261997
0.09475394081220756
0.06786506126896996
0.5818072606119619
0.5714882182010301
0.0056017003049375624
0.5544088489891844
0.4018209427437463
0.23958040579323633
0.3496260946120659
0.5723131574876547
0.09733084649285817
0.40239010772414985
0.527302114416926
0.4622435844378412
0.11527414368377431
0.5587945337870093
0.5545864849391582
0.3484196394298362
0.1285109246948539
0.03554899868626471
0.021722918012719823
0.47012567329905464
0.2521677659459123
0.21363019600087108
0.1613793370838166
0.09998363773720947
0.6811408565412161
0.23902461508199657
0.01856774520783211
0.29463872794329526
0.4957308132508649
0.10521577805663518
0.1805415833529231

0.4285587269578206
0.25267700236012475
0.4944620520689613
0.07838729635906824
0.12923443011895439
0.2869826202772716
0.3657685804326398
0.03241556619838959
0.473300749250144
0.03122459651471199
0.3370544240513824
0.44440096412803076
0.15712382324583238
0.008259784639185681
0.606222430580115
0.375288012040234
0.643010006319207
0.6373091148883459
0.30213388284973786
0.028509260873930353
0.4878328891562415
0.05868115841797709
0.08901223113741114
0.1869869475744661
0.47102303716319677
0.04189635020138375
0.28106467212861586
0.48721090889746066
