0.7766857725901192
0.7350717235296153
0.8783264063062571
0.8725362581195354
0.0545849160268701
0.1458723908237372
0.05706145722456357
0.025976180955040284
0.7447444219204289
0.47478294544200045
0.8964926565275242
0.27271184857349384
0.39748396707110434
0.9056036021653495
0.7348001357161412
0.27560197545523935
0.4485351974794405
0.9522068736798571
0.4420369301066036
0.07464639264493317
0.31891703394992893
0.7618086148881075
0.5865477424391545
0.08806428728065385
0.08317490094174329
0.3154740014716224
0.6464535433677142
0.23259701556748968
0.005589487622395417
0.16851790554760848
0.15605102304761814
0.5782742115023969
0.34479472389668553
0.8205064326478138
0.02310438381860803
0.11743120824310473
0.43997942838927906
0.47094687672535596
0.9801697824758842
0.7887897578201615
0.09339883765295998
0.7878371659419281
0.3518160656479703
0.6073638435302888
0.976937531787419
0.04980329418255125
0.38813124666920773
0.6846167756718808
0.3491744759859592
0.6894340063110583
0.7639430399127867
0.14100824538969278
0.44072231300436526
0.4682823165260055
0.23484862832624107
0.11174728834704495
0.4189619772503148
0.26550581144622853
0.8414823708748846
0.5587956446278204
0.4202193007027689
0.7919761401127393
0.36361969128521565
0.41198235037674946
0.6112082837922932
0.25287145075722994
0.40555904666281783
0.5176259474663769
0.9071688619437508
0.3265761570010781
0.5696211564653124
0.9638743885843343
0.12585174760954912
0.6819846100210393
0.5695413036567971
0.37763248195453936
0.4531598259654452
0.9127463904044775
0.6875858534999695
0.0261937143928567
0.6286002064950185
0.4481865807478292
0.004293425860494304
0.9037987434811162
0.8801011594056212
0.5036259644252976
0.9462789543026834
0.7500329979041684
0.07494555767589728
0.4860271405712654
0.9696440545887939
0.7965122581141997
0.46808201072597344
0.38141726854801283
0.8647330618692591
0.7713077935261217
0.38927701057501995
0.8203678392487005
0.4399428785583137
0.7207596314559603
0.8311654095625425
0.7081443114474815
0.7103452470932289
0.3273646549865774
0.05083747728465378
0.970145595451809
0.45132599063481504
0.9267305000861629
0.5788444876029267
0.14890160801646857
0.2307922507882663
0.05712907802039072
0.3680320088005618
0.18288510075275366
0.2148198210986549
0.9868635166006456
0.1754435078704366
0.07317878521215981
0.5543704815322237
0.6996427551203523
