0.24964017448856596
0.44386963850457395
0.33082658696583755
0.0022453436848248742
0.12110208050726884
0.47320533206751614
0.23496064571226571
0.6469985466999564
0.2432252654699473
0.22558090847411805
0.4633136624594021
0.34828566265508654
0.30873003580388647
0.024739172220715505
0.3427331123504577
0.00017450148115546706
0.4315983488169257
0.8181959274784607
0.6288349391816098
0.5247316721454157
0.08811460802801618
0.002180090787386346
0.06797213792575674
0.4375543635654439
0.03646180841357083
0.039756286750763925
0.1852074833560837
0.7147186094735893
0.16616112661599347
0.26170125068632344
0.06104997528824363
0.489226346951825
0.06424347704638449
0.8503868442078276
0.2202512805477117
0.41388436276302465
0.7914703933270686
0.3393232289021727
0.21070346542609733
0.39096565729024535
0.4129417294726039
0.6872845106329031
0.37447351480417335
0.38640609478381643
0.1797284120359801
0.6926009251550758
0.09479092015355303
0.27544299520636106
0.13357791315973055
0.12750416595395886
0.12466560859922574
0.5264788660691286
0.429748686216175
0.15037459440283807
0.3224622698307166
0.04312824887686038
0.3280661738474011
0.5209380901501317
0.09143068424968814
0.00943362075899068
0.5977050110632464
0.16700413972215267
0.4260496429116629
0.1393490757036622
0.030554498278211346
0.10013645933099954
0.6428004128915648
0.6991194971866395
0.5610713809152885
0.7250191318128882
0.329352214440324
0.02601074426963268
0.32846634769618505
0.168131425930384
0.023774662292571414
0.13248465344599025
0.6442856876587463
0.26311270934281317
0.06614066301341182
0.49913373689412605
0.4199078406387016
0.2817397198302854
0.7389150583678574
0.22034571570616168
0.3974096539004946
0.3584859786025282
0.3038453526860098
0.2090385905045929
0.467314571347593
0.2647736288365343
0.37129540109697534
0.04186047994129827
0.11402080616937071
0.1445671256664733
0.2844164378210335
0.30031257457691507
0.42672064749135563
0.5897346210392762
0.04580295179393423
0.2622444300463269
0.5619067410320158
0.060557769773192716
0.5540485229153056
0.3808353378764364
0.06398586118772197
0.0520310117504299
0.24897784531196177
0.11366357803800242
0.07802294654442332
0.24532320895025278
0.5758136920718006
0.6793551576659695
0.2395464287763307
0.26612629310490266
0.0019339986234807593
0.5478929395239915
0.04296301633274191
0.6265747196329161
0.11789505418934315
