0.3563197476512398
0.7458447689875215
0.5020912105672991
0.41827130632010867
0.9108775762552817
0.16940552496279415
0.8078842822295544
0.22600809222854745
0.9378186973618319
0.8931988331788704
0.35791987022061844
0.6638440854028658
0.48055603233048805
0.3348706982015164
0.6857629303095467
0.8397812286014935
0.37372634757244527
0.5683985201876571
0.1410583255363993
0.034585916585857746
0.199982274374977
0.3416985646263469
0.6706140813246035
0.427430225253175
0.17962615840895133
0.6521163558293906
0.44896282594268433
0.3126986690596839
0.9284266873083777
0.8418901788402268
0.9472255404857672
0.850547012593935
0.20078796962969706
0.3973754588329379
0.813054664393842
0.5107831468829105
0.11234692539696445
0.2998297661320537
0.5628428893853901
0.5519516145773856
0.21892251617407446
0.5019892336561698
0.38648403822850175
0.3127117073494978
0.7246548296668953
0.7853382730873943
0.02403146363937969
0.058061078569781266
0.19504186323536515
0.5978432572081747
0.9449635205760684
0.3695293193490965
0.30678338522517196
0.5473698519473638
0.8823160610293648
0.04901318749175739
0.23690682652426376
0.4444324817697478
0.023392318675855228
0.4420343657230996
0.7249752453122121
0.9299290294515308
0.8029511468416888
0.7755441606030766
0.1588047226495205
0.760284853664793
0.34800452084195554
0.7747743750554835
0.7981839477292112
0.27108471047048255
0.9453715126161533
0.960084573273035
0.9348782403161631
0.5490537827588207
0.8724064944737595
0.007896917675769277
0.8754288032291588
0.7263361049587176
0.6070800110634358
0.1916565633151175
0.3592945509756517
0.34632539857842604
0.7038083970987348
0.7488635088017106
0.35803538195184204
0.06252650943868301
0.803564509279715
0.29724700488853073
0.2779747332418214
0.4604203690549813
0.727399467689654
0.054415183736536754
0.3238554513746523
0.4007608262609708
0.7588510689971768
0.9232756403327428
0.9466820626086022
0.13597344800628264
0.23296324599774623
0.9056624931681239
0.7732845754651152
0.9248709457533183
0.335682408549106
0.025530066062993795
0.27186640586527355
0.6052257861937109
0.21680157753220605
0.9575925937802234
0.8397905409259092
0.6400479558507399
0.34417815078188285
0.4492367887533648
0.09071097535183359
0.47841287607057104
0.5322170472292398
0.5083376015460084
0.868833605182664
0.4641026403896049
0.03454411668863634
0.9751752052498731
