0.2721358992897279
0.5958279217586432
0.7011541709990767
0.060434140822602636
0.03209754186705771
0.7639395304591254
0.014102194459710837
0.9824309307366856
0.34917492343325063
0.5967080110666866
0.8587389318666119
0.8524089963604138
0.0022147336690797412
0.05561303438107859
0.8908010153252159
0.2239669805256413
0.18309752096332854
0.5844223787551601
0.5262128263935655
0.4719269512167138
0.9785923333241692
0.8997544007186555
0.7273980516375858
0.07834543636649771
0.7997283609607879
0.4854674375075693
0.708962581115823
0.9484365915990456
0.8689614824435533
0.7341054977190453
0.29010906861373115
0.34110834359648895
0.21340446571971922
0.09977252640698758
0.7406419387395666
0.5359965717831958
0.683543986777791
0.15229078184949826
0.49083288061217806
0.024297302847890695
0.9746013997377432
0.6894104976207466
0.03977558122588758
0.3071268687260811
0.1002834974537163
0.7999807826584294
0.79578430894567
0.3115337042320636
0.6021434293662102
0.6116819651051644
0.34615045861132115
0.8273890029337563
0.23541055656908141
0.8580139471265974
0.9277715457263168
0.37943923781016564
0.9926159282937426
0.774054271980135
0.007988337435138944
0.8645069284018188
0.20184557084145527
0.34662712777893545
0.487692411844339
0.5504226044597157
0.9539346244914593
0.8490772314138211
0.3799325940796747
0.4521969771269596
0.023983004398950476
0.27011437693705753
0.2401894688179693
0.8567122624348337
0.8514605967583461
0.7723748838444793
0.23816747544966102
0.040094407440895985
0.431282846090532
0.1880255393257093
0.5342688137471202
0.6214757196303977
0.28162801281719885
0.9063037293194228
0.38339417546715393
0.2170943416397748
0.30632135996201076
0.20329623127169794
0.8957667869535497
0.8767546878012444
0.5670000798979181
0.6937570683792577
0.149611987471562
0.08955033502979466
0.3478541831949816
0.4295249634798761
0.6628558377554956
0.03645764784080546
0.39625892544069724
0.33341026095599013
0.12906386410476997
0.2712358160975733
0.699896695500255
0.6946397681936037
0.9311702227080234
0.9752274893364976
0.6479584475415998
0.04079824629481199
0.6612877433391595
0.05379316081142327
0.0714487152464065
0.06778788286415982
0.5701372761414597
0.49232900309072986
0.8710959989343734
0.3665445196126944
0.43885273010680637
0.42451394710313717
0.03644835863843754
0.5118949419393355
0.27039861889687106
0.6033986158928197
0.5000131134764506
0.7803253855697918
0.6841585959830001
0.42202085040172715
0.07712484225218241
0.3121874673979217
0.3160824097923529
0.5255247570383343
0.019405505801956213
0.4375243431616408
0.5391251740893819
0.7198309483978695
0.4697302395440024
0.7733896739134531
0.6238447995066847
0.34023558178388563
0.5639630548104084
0.18561437627194838
0.7295956921003905
0.6602311874900625
0.6368790111896254
0.4451131510287041
0.15107688606815842
0.3766851696521585
0.751962416735791
0.9119488989159921
0.8936989822833705
0.08259807453176848
0.27861323870201865
0.10592599760666088
0.6273995160684842
0.667236268064775
0.7569405187726858
0.1265170928538103
0.5163244270476648
0.13444514172329547
0.31457223578439053
0.2812110570627568
0.8543755445438858
0.4003554156629559
0.6563811081441651
0.27667840549747136
0.6549887018619855
0.3672363352143977
0.3765390342276605
0.3535545771326887
0.2532139643228881
0.8328457433091163
0.966539406750671
0.040447585233705174
0.27781526996250716
0.7313427005157835
0.6529836938239149
0.0403906245568858
0.47595773155957677
0.1994301253637247
0.026622495717168352
0.26259446217151083
0.09626984851135016
0.878855765753543
0.10575540687816987
0.4142341413589712
0.08633618644766711
0.659082737361929
0.3944737545243572
0.4046684483409556
0.17856282909842616
0.7979750984412054
0.005357621986043393
0.5720326810614029
0.247133685048184
0.8445633549834504
0.8677011414469007
0.8141899250717156
0.23263750001016392
0.9512942966944938
0.5307290002588632
0.9655982672153657
0.8649458387257267
0.49241540578860576
0.7001227426471281
0.5953984396579219
0.3424591809100979
0.35063555259724527
0.4741991312215841
0.7683923722630364
0.79878957209776
0.6334709381731221
0.11494188542753725
0.5075602602939859
0.39211598358778654
0.9287679774968562
0.22228770873278544
0.38500811278016234
0.20669128076118426
0.8904152759124171
0.07178621155097094
0.029157281272022037
0.993888014157184
0.049007530588532466
0.5201016571264813
0.33858412903684476
0.10557667801800963
0.8671606986687291
0.30227637783274
0.7694217137115025
0.34390110594619383
0.10023630800424055
0.7087425682350437
0.37925511208866275
0.7092709966615187
0.7079653942117492
0.9822137968870277
0.98413068169984
0.42544658760854315
0.5687491923137293
0.0728604511837922
0.9376044775556787
0.7443662171045251
