0.18065059342498258
0.6284577215204756
0.5413473702423395
0.5338359394410217
0.09968971919567676
0.8800921845485755
0.28380069499914984
0.062076870420277895
0.3503839699814637
0.19077175002450786
0.2313454282320997
0.328634458998363
0.2729024519718719
0.08629360738242682
0.40896191050497044
0.04785067952888755
0.1646769505388689
0.07628235904721259
0.23521236849091998
0.034948072151923526
0.2419641931602346
0.31926799476838896
0.7341032598468857
0.38785722058278144
0.10965770502684147
0.20249676541636613
0.0887542688725158
0.46486619903483906
0.7904017658795157
0.025091352750841688
0.16465060698608786
0.05419401347003827
0.381149107278274
0.3201661388547685
0.6208950124943521
0.22336869323435177
0.013939547611876435
0.41203684030460686
0.018201713380605167
0.3756290818214665
0.19875523726377728
0.2719014871767118
0.35327772835844695
0.7043139247452297
0.15285744973267468
0.1444740474126458
0.0034205875688402276
0.24508274080202197
0.10732352589482971
0.05105086170061601
0.2053450565860123
0.5441601366828724
0.0031096552516210393
0.4776526451539643
0.3045175478401174
0.415701062236852
0.06877320849712043
0.21283466780544774
0.052328422408826736
0.029078749746339935
0.18842523163104136
0.056994843288508804
0.19086763348245617
0.3718951336574177
0.26670430279192514
0.8039208576017913
0.31670443798388576
0.15363217448799496
0.050047671550834054
0.7440238729581394
0.5054243341755442
0.13247812810747642
0.6024425692418893
0.350998965055155
0.44217551072722294
0.13679816889331908
0.11211976979335585
0.020801081668179195
0.4206412035439656
0.49696004784903897
0.008483200064229424
0.20173862311810442
0.5545901917098377
0.11687155568295537
0.016336565344021503
0.4792006492036618
0.20522716376834804
0.653128217670387
0.39175769241377734
0.2092505717063129
0.5972775552159728
0.13496131965396607
0.20626147830164315
0.20676094134821166
0.5925987086836911
0.4292622911016726
0.659430431841858
0.2177412490914188
0.2500410955359545
0.23854400152710298
0.026421607191392527
0.36180269205054894
0.2313713093893855
0.21533278878560436
0.010410955147826959
0.5016131862799319
0.48545795546676973
0.05246241469590116
0.2273912191058911
0.8338676375620936
0.3297301217128783
0.03435273748677781
0.16894439195729571
0.4654914686227607
0.5849441954590493
0.49073695972713904
0.43432456392625696
0.48751371317530645
0.3177500867793368
0.4777266291640483
