0.6717430084774796
0.1728056903628483
0.35541180298660047
0.11918141067782084
0.3933345099983074
0.5250515349080203
0.496700616364371
0.9706561262599025
0.759334908153174
0.6020402724660454
0.22583862665429932
0.44441643537708897
0.060573750130954784
0.7571238861516489
0.28909981475301466
0.7127624534773211
0.3579879134373263
0.11790773509742794
0.8979708373522464
0.15549730835476575
0.42116688988053436
0.6261366124466736
0.9686050888356874
0.8948709171338286
0.46858707587470105
0.20051541120047484
0.5407187595508423
0.19432348735251104
0.5696953144806987
0.58165112547644
0.11555107796965314
0.9137635576880945
0.995512411956878
0.03574380755569554
0.41601989933392275
0.8030041054503658
0.42582597332383076
0.4053290811794539
0.20872325576191209
0.7283079352643756
0.4850827932901447
0.42367793955935795
0.9775506490159809
0.6503737309953815
0.4838135861138073
0.613065392296136
0.2970484303990475
0.5238037570899862
0.7504447175475144
0.070596586044956
0.819489828012808
0.19518503942247878
0.24606036440254744
0.6624811469601308
0.09612158048136599
0.9407828534175191
0.06142188489684841
0.28266549219639714
0.7791727979001177
0.03827258388761244
0.9592443334022395
0.06659985052478601
0.031792385933348655
0.5331055177172552
0.2220044753171737
0.9737758636056084
0.18427976244751254
0.4742396883883182
0.21809832559689588
0.9195748197933438
0.40849888517886596
0.7512412870167651
0.6461506697923706
0.40336079973873956
0.8091326318834637
0.278855954527413
0.008032667420600643
0.9914183207182587
0.9396240289831703
0.6604437146570296
0.9190191142589621
0.7611354482844948
0.6063680829833108
0.7238614343672576
0.9074137830218154
0.28763867285880407
0.5440603830678656
0.9405002937787404
0.3852902117912907
0.07401912859718451
0.6048027265736569
0.1892057987891659
0.5248670357826415
0.689405647515614
0.6876398062129112
0.5775455957503284
0.30068438880520426
0.5953511786900263
0.2104322697121663
0.14705720580718104
0.9918784572828551
0.28525373857896646
0.7183135045502382
0.3267105315725154
0.2601736077256056
0.023512924827277182
0.3701380853171061
0.6552623094805987
0.6739075451547171
0.2790289278558624
0.9757582581022375
0.39524754410369867
0.8173056434866848
0.2731694504564084
0.808687722781636
0.8606380096979821
0.27291612959544137
0.16229748860118254
0.1375953389184699
0.6362850724700873
