0.44031518255919483
0.8300694906911117
0.2739156908816378
0.21510911069951644
0.3983945955623429
0.10363148994085725
0.707015792080026
0.49040594343808874
0.0557399674394394
0.5591028731039549
0.19938795953557853
0.38807312736346256
0.6819776909109847
0.6608129159207079
0.17290599790699768
0.42532549211431264
0.16224442937507177
0.3557458676893853
0.15078295905631417
0.0645190946347201
0.28386802879531264
0.1616119181030495
0.02527357223522153
0.11279127567382138
0.005571036659661087
0.4859766986920606
0.2716491314402536
0.2221833227395582
0.33799202136062
0.0843075187607994
0.19332494634831265
0.5018913067803652
0.03953848032935841
0.052001636204830115
0.02260182406655198
0.2454096893051806
0.8231366941964837
0.1998051902544121
0.15770380807810658
0.031152984791982044
0.3195137390596993
0.0432153456250973
0.08774945412288315
0.6102737615049026
0.6549487825453036
0.44402400267431674
0.22077601727923146
0.2813077684688823
0.46362643860684094
0.03664173411370957
0.6253011625321747
0.5278841120161866
0.2759954947889427
0.37477127080677447
0.021748076284806794
0.2831112100017752
0.5996292791196975
0.25323151321139825
0.40875610050174815
0.19023241134813468
0.24766748431718644
0.031089912289177457
0.0025408259212622575
0.5613330778390282
0.003462284210818151
0.37413195758367873
0.11970027860563626
0.11675012921805039
0.46595774697943854
0.25488253354937873
0.28818319007687876
0.05580118141678514
0.08985551830916957
0.5817276181147846
0.4887369014292505
0.11549209484611399
0.26714999355061275
0.18624663823482313
0.5149485927930653
0.7192397292517386
0.1504136319889458
0.3820252886852289
0.04969066981966819
0.12712580350884028
0.33951289318830613
0.6059377533845441
0.3149247808394355
0.25856292261992997
0.4872418024273708
0.03974572245055017
0.9220718545885703
0.6213306413251222
0.707292118983101
0.4320175023351023
0.7126320230474148
0.022969464248352542
0.12515188920716777
0.050595128415834356
0.6224641731071572
0.16009226885617384
0.48410380234948874
0.009131210278189729
0.22765526732778552
0.6430696737027815
0.4231662617093275
0.5870761623376806
0.16184280112871097
0.7056460060055385
0.6572611073115613
0.29073720994122915
0.19395783502456743
0.390753422704762
0.06474904277241585
0.22102421135446274
0.4844984717555005
0.0067002268659466235
0.8685155394119973
0.31583177754586256
0.04419350096480063
0.6029060275916515
0.6162026347020568
0.21524573678579417
0.251622942071561
0.19785343526218974
0.5140181325378271
0.018308812179117267
0.4902055127724491
0.16666039226726648
0.7863680417616519
0.30493680937393536
0.023920756325376713
0.2461643644705927
0.8475658566361957
0.8405129686125907
0.5762404768884615
0.25216350064791415
0.5903981408329146
0.4108680619360665
0.4974704276708597
0.7327117389603863
0.19552567836938997
0.6208866744710393
0.800305044375517
0.8494330333693645
0.14604598730967758
0.34368129439528045
0.6737930796259415
0.7944827862922066
0.48873534541510516
0.19151496036195326
0.6992353647195826
0.25784230785192763
0.5683297204215568
0.03773800930287319
0.6870007464569059
0.9475943386918628
0.02848740215241996
0.35776444792011985
0.8524729741387449
0.3416072942873228
0.4524190217846922
0.052912800737406694
0.24094613564428413
0.6000492071670183
0.8431874059624644
0.6925462897504663
0.7691418877274524
0.6557955547179792
0.7684064660332128
0.35673497846107827
0.3379962196855
0.5864522499296236
0.4315784177113072
0.5202535761914124
0.2699204254310166
0.45389941352368735
0.2222845070258046
0.05526962212532939
0.008456913144617273
0.041149900657483654
0.7360429104584838
0.5467337903548934
0.6035837711054799
0.1847488357481608
0.038675110968363624
0.6219452381832302
0.6240250114193175
0.6321199927703625
0.5671290635096932
0.7232115300939497
0.05489625781476981
0.40143864094495235
0.025612602540527912
0.5017137783801853
0.048168614821603284
0.518595328336275
0.3035047252485337
0.24777147163436797
0.33604258105035045
0.33485844711003665
0.32169498328459084
0.2034870382209644
0.15275073624204555
0.21315984401735344
0.5092216099978939
0.5255946951495152
0.21513611923328102
0.38299161576530705
0.20485441495818768
0.289007597675534
0.45632383037804547
0.7006424633161144
0.5593958540645128
0.07176109973003264
0.05220789784859403
0.607284300974994
0.35642985202704924
0.31090429398131736
0.12642187660592938
0.32546879011164404
0.649419430962062
0.035940276178126895
0.07350388544668451
0.6943232485821061
0.24383179892482065
0.502277318319183
0.32359665600989473
0.09494842676755487
0.01667462893052619
0.4255726175036294
0.042862471038406014
0.816421797030711
0.37046238612596366
0.189531004608975
0.7918385092021114
0.0975719823397311
0.40668815198307695
0.40919498283012207
0.6716352690310703
0.025994215563592826
0.2361018889596065
0.784968663450798
0.1963417383176076
0.8803510073238726
0.2421670060139913
0.7212473665480789
0.18617635964383195
0.5500716227629467
0.6362331401137933
0.06237152335291317
0.8699456173739865
0.3437337459696803
0.6152026593412601
0.8638001390317678
0.11945213636506391
0.1562480579043312
0.65203983039473
0.3545969692449833
0.1347586549332367
0.4535996204059744
0.31022104439456977
0.0006512649398381934
0.36438553298907417
0.8848024839259723
0.12169174606996935
0.5073389959742196
0.7685003350958763
0.5436709046001842
0.19117258504296264
0.48898772696156245
0.718662044294091
0.12374249936280268
0.45990765031909153
0.19038644824639683
0.23245870184521933
0.27114141441641565
0.0515273585619509
0.796364601480259
0.2813909168571525
0.4549440542694462
0.5034149535237551
0.8494945308934563
0.668724026937553
0.8974877015875726
0.3668665103105912
0.29426463856097834
0.7732366071884154
0.3075841417584404
0.4942200033364601
0.16047508972837354
0.5064483541087872
0.660730225861591
0.06308850617367127
0.24368888720842463
0.5551035128912829
0.34683135493471573
0.4324350949215243
0.6410746912659554
0.7100882620011826
0.7422424372618237
